0,12084
1,4028
10,2014
1006,2014
1014,2014
102,2014
102372,4028
1025,2014
103,2014
1030,2014
103340,4028
1037,2014
1039,2014
10413,2014
105328,4028
10549,2014
1058,2014
1062,2014
1066,2014
1081,4028
10856,2014
11,2014
1108,2014
1110,2014
11112,2014
1112,2014
11196,2014
1125,2014
112580,4028
113,2014
11350,2014
11386,2014
114,2014
1140,2014
1147,2014
1148,2014
1157,2014
1167,2014
1174,2014
117517,4028
1180,2014
1184,2014
1185,2014
11883,2014
120,2014
1205,2014
1213,2014
1215,4028
1227,2014
123,2014
1233,2014
1238,2014
1261,2014
1265,2014
12836,2014
1296,2014
13,2014
130,2014
1300,2014
1307,2014
1318,2014
1319,2014
132,2014
1332,2014
1337,2014
1342,2014
1353,2014
13552,2014
136,2014
1368,2014
1369,2014
137,2014
1372,4028
1383,4028
1384,2014
1385,2014
1388,2014
1390,2014
1398,2014
14014,2014
1407,2014
1408,2014
141,2014
1410,2014
1416,2014
1417,4028
142,2014
1424,2014
144,2014
1441,2014
1445632,4028
1474,2014
1483,2014
14837,2014
149,2014
1507,2014
151,2014
1514,2014
152,4028
1522,2014
1528,2014
15296,2014
1530,2014
1531,2014
1532,2014
1539,2014
154065,4028
1544,2014
1547,2014
1552,2014
1567,2014
1570,2014
1572,2014
1586,2014
1593,2014
1598,2014
16,4028
1605,2014
1606,2014
1608,2014
1614,2014
161719,4028
1621,2014
1622,2014
1627,2014
1636,4028
1648,2014
1652,2014
1666,2014
1668,4028
167,2014
1671,4028
1673,2014
1674,2014
1677,2014
168,2014
1685,2014
1688,2014
1708,2014
172,2014
1721,2014
1724,4028
1727,2014
1741,2014
1745,2014
1746,2014
1753,4028
1756,4028
1760,2014
1771,2014
1782,2014
1783,2014
1789,2014
1793,2014
1796,2014
180105,4028
1803,2014
1807,2014
1815,2014
1819,4028
182,2014
1823,2014
1824,2014
1843,2014
1844,2014
1846,2014
1850,2014
1857,2014
1861,4028
1868,4028
187,2014
1871,2014
1878,4028
1891,2014
1892,2014
1893,2014
1894,2014
1895,4028
1898,2014
1899,2014
1907,2014
1912,2014
1913,2014
1914,2014
1915,2014
1918,2014
192,2014
1926,2014
193524,4028
1940,2014
1946,2014
195111,4028
1956,2014
1964,2014
1968,2014
1972,2014
1974,2014
1975,2014
1976,2014
1988,2014
1992,4028
2,2014
2006,2014
2007,4028
2008,2014
201,2014
2014,2014
2017,2014
2018,2014
2020,2014
2026,2014
2028,2014
2029,2014
2037,2014
2038,2014
2039,2014
204,2014
2044,2014
2045,2014
2055,2014
2056,2014
205764,4028
2058,2014
2059,2014
2061,4028
2064,2014
2065,2014
2075,2014
208453,4028
2087,4028
209,2014
2095,4028
2099,2014
21,2014
2100,2014
2101,2014
2104,2014
2108,4028
2112,2014
2115,2014
212237,4028
2127,2014
2134,2014
2135,2014
2137,2014
2138,2014
2143,2014
2147,2014
2148,2014
2154,2014
2162,2014
2164,2014
2170,2014
2172,4028
217385,4028
2176,4028
2179,2014
218,2014
2181,2014
2188,2014
219,2014
22,2014
2200,2014
2203,2014
2211,2014
2218,2014
222,2014
2222,2014
2224,2014
2225,4028
2232,2014
2234,2014
2237,2014
2238,2014
2243,4028
2244,2014
2248,2014
2250,2014
2254,2014
2259,2014
2261,2014
226721,4028
2268,2014
2271,2014
2274,2014
2276,2014
2278,2014
2292,2014
2293,2014
2298,2014
23,2014
2301,2014
2310,2014
2312,2014
2315,2014
2317,2014
2319,2014
2323,4028
2333,2014
2336,2014
2339,4028
2340,6042
2341,2014
2342,2014
2348,4028
2354,2014
2355,2014
2358,2014
2360,2014
2361,2014
236123,4028
2362,2014
2364,2014
2365,2014
2372,2014
2378,6042
2381,2014
2383,2014
2384,2014
2387,2014
2391,2014
2395,2014
2399,2014
2401,2014
2407,2014
2408,2014
2415,2014
2417,2014
242,2014
2420,2014
2429,4028
2432,2014
243916,4028
2442,2014
2446,4028
2451,2014
2455,2014
2459,2014
2460,2014
2461,2014
2462,2014
2466,4028
2472,4028
2474,2014
2477,4028
248,2014
2483,2014
2484,4028
2489,2014
2492,2014
2495,2014
2497,2014
2500,2014
2502,2014
2508,2014
2509,2014
2510,6042
2515,2014
252,2014
2521,2014
2522,2014
2524,2014
2534,2014
2535,2014
2538,4028
2540,2014
2545,2014
2558,2014
2561,2014
2570,4028
2577,2014
2578,2014
2580,2014
2587,2014
2588,4028
2591,2014
2593,2014
2596,2014
2599,2014
2600,4028
2608,2014
2612,2014
2613,2014
2614,2014
2623,2014
2624,2014
2626,2014
2630,2014
2634,2014
2638,2014
264,2014
2640,6042
2642,2014
2646,2014
2647,2014
2651,2014
2652,4028
2654,2014
2655,4028
2662,2014
2663,2014
2666,2014
2668,2014
2672,2014
2675,2014
2677,2014
2679,2014
2680,6042
2682,2014
2683,4028
2685,4028
2687,2014
2691,2014
2694,2014
2696,2014
27,2014
2700,2014
2701,4028
2705,2014
2709,2014
2713,2014
2728,2014
2732,2014
2733,2014
2734,2014
2735,2014
2738,2014
2742,2014
2744,2014
2749,2014
2752,2014
2753,2014
2754,4028
2761,2014
2766,2014
2768,2014
2771,2014
2776,2014
2778,2014
2779,2014
2780,2014
2785,2014
2786,2014
2791,2014
2794,4028
2800,4028
2804,4028
2808,2014
2817,4028
2821,2014
2823,2014
2825,2014
2827,2014
283,2014
2839,2014
2840,2014
2844,2014
2850,2014
2853,2014
2857,2014
2858,2014
2859,2014
2861,2014
2862,2014
2864,2014
2866,2014
2868,2014
2876,6042
2877,2014
2881,2014
2882,2014
2884,2014
2891,4028
2894,2014
2896,4028
28960,2014
2897,2014
2899,2014
2900,4028
2905,2014
2908,2014
2914,2014
2917,2014
2918,2014
291826,4028
2922,2014
2923,2014
2925,2014
2928,2014
2936,2014
2942,2014
2944,2014
2950,2014
2952,2014
2954,4028
2960,4028
2963,4028
2965,2014
2967,2014
2974,2014
2982,4028
2987,4028
299,2014
2991,2014
2994,4028
2997,2014
2998,2014
3,8056
3002,2014
3009,2014
3012,2014
3026,2014
3030,2014
3033,2014
3035,2014
3037,2014
3039,4028
304,2014
3040,2014
3042,2014
3045,4028
3046,2014
3056,4028
3058,2014
3059,2014
3062,2014
3063,2014
3065,2014
3067,2014
3068,2014
3072,2014
3074,4028
3075,2014
3080,2014
3081,2014
3082,2014
3086,2014
308745538,4028
309,2014
3092,2014
3095,2014
3096,4028
3097,2014
31,2014
3107,2014
3113,2014
3118,4028
3120,2014
3125,4028
3130,2014
3136,4028
3138,2014
3140,2014
3141,2014
3142,2014
3144,4028
3146,2014
3149,2014
3151,2014
3157,2014
3158,4028
3161,4028
3163,2014
3166,2014
3170,6042
3171,4028
3172,2014
3173,2014
3175,2014
3177,2014
3178,4028
3183,2014
3186,4028
3189,2014
3194,2014
3197,2014
3198,2014
32,2014
3200,2014
3205,2014
3206,2014
3209,4028
3213,2014
3216,2014
3219,2014
322,2014
3222,2014
3230,2014
3231,2014
3232,4028
3234,2014
3238,2014
3243,2014
3247,2014
3248,2014
3254,2014
3257,2014
326,2014
3261,2014
3265,2014
3266,2014
3268,2014
3270,2014
3271,4028
3274,2014
3275,2014
3279,4028
3283,2014
3285,4028
3288,2014
3291,2014
3293,2014
3295,2014
3299,2014
3300,2014
3304,2014
3307,2014
3313,2014
3314,2014
3318,2014
3323,2014
3325,2014
3326,2014
3333,2014
3334,2014
3336,2014
3337,2014
3338,2014
3340,2014
3341,2014
3343,2014
3344,4028
3353,2014
3355,2014
3358,2014
336265,4028
3363,2014
3364,2014
3369,2014
3371,4028
3374,2014
3379,4028
3380,6042
3381,2014
3383,4028
3385,2014
3387,4028
3389,2014
3390,6042
3394,2014
3395,2014
3400,2014
3404,2014
3405,2014
3408,2014
3411,2014
3412,4028
3413,4028
3414,2014
3418,2014
342,2014
3422,2014
3423,2014
3425,2014
3426,2014
3427,2014
3430,4028
3431,2014
3434,2014
3438,2014
3439,4028
344,2014
3442,2014
3443,2014
3463,2014
3464,4028
3467,4028
3471,2014
3472,4028
3473,2014
347483,4028
3475,2014
3479,2014
3480,2014
3482,2014
3483,2014
3484,2014
3487,2014
3495,6042
35,2014
3501,2014
3507,2014
3508,2014
3524,2014
3525,2014
3527,2014
3529,4028
3534,2014
3536,2014
3542,2014
3552,2014
3554,2014
3555,2014
3556,6042
3557,2014
3558,2014
3559,2014
356,2014
3560,2014
3562,2014
3563,4028
3566,2014
3567,2014
3568,2014
3569,4028
3571,2014
3572,2014
3580,2014
3585,2014
3587,2014
3589,4028
3591,2014
3595,4028
3596,2014
3599,2014
3601,2014
3603,2014
3606,2014
3607,2014
3611,4028
3614,2014
3615,2014
3617,2014
3618,2014
3619,4028
3625,2014
3627,2014
3629,4028
3632,2014
3633,2014
3637,2014
3638,2014
3640,4028
3646,2014
3647,6042
3650,2014
3653,2014
3656,2014
3657,4028
3658,2014
3659,2014
3662,2014
3664,2014
3667,4028
367,2014
3670,4028
3671,2014
3675,4028
3676,2014
3682,2014
3688,2014
3689,2014
3697,2014
3698,2014
3699,2014
3701,2014
3702,4028
3708,2014
371,2014
3710,2014
3711,2014
3716,2014
3718,2014
3719,2014
3723,4028
3724,2014
3725,2014
3728,2014
3740,4028
3748,2014
3752,2014
3754,2014
3755,2014
3758,2014
3759,2014
3760,4028
3761,4028
3762,2014
3763,2014
3764,4028
3765,2014
3769,4028
3772,2014
3773,2014
3774,4028
3775,2014
3779,2014
378,2014
3780,2014
3786,2014
3787,2014
3790,2014
3791,6042
3797,4028
3799,2014
3802,6042
3804,2014
3805,2014
3807,2014
3810,2014
3811,4028
3813,4028
3817,2014
3819,2014
3828,2014
3833,6042
3838,2014
3841,2014
3842,2014
3844,2014
3845,2014
3848,2014
3849,2014
3850,2014
3851,2014
3852,4028
3853,2014
3854,2014
3858,6042
3859,4028
3862,6042
3864,2014
3866,2014
3868,2014
3874,2014
3878,2014
3884,2014
3885,4028
3886,2014
3889,2014
3894,2014
3897,2014
3899,2014
3900,2014
3901,2014
3902,2014
3906,2014
3908,2014
391,2014
3910,2014
3912,2014
3913,2014
3916,2014
3920,2014
3922,2014
3924,2014
3926,2014
3927,2014
3930,2014
3931,2014
3933,2014
3936,2014
3940,2014
3941,4028
3942,2014
3949,2014
395,2014
3953,4028
3954,6042
3957,4028
3961,2014
3963,2014
3964,2014
3966,2014
3967,4028
397,2014
3972,2014
3973,2014
3978,2014
3982,2014
3992,2014
3994,2014
4,6042
4000,4028
4001,2014
4003,2014
4004,2014
4006,2014
4008,2014
4011,2014
4014,2014
4018,2014
4020,2014
4021,4028
4025,2014
4026,2014
4029,2014
403,2014
4034,2014
4036,2014
4037,4028
4039,2014
404,2014
4040,2014
4041,2014
4045,2014
4049,2014
4055,2014
4065,2014
4068,2014
4071,2014
4075,2014
4076,2014
4077,2014
4078,2014
408,2014
4080,2014
4082,2014
4083,2014
4088,2014
4089,2014
4090,2014
4091,4028
4092,4028
4096,4028
4098,4028
4099,2014
41,6042
410,2014
4106,2014
4107,2014
4108,2014
4110,2014
4112,2014
4114,2014
4119,2014
4126,2014
4131,4028
4135,4028
4138,2014
4139,2014
4141,2014
4142,4028
4143,2014
4146,2014
4148,2014
4150,2014
4153,2014
4154,2014
4156,2014
4158,2014
4159,2014
416,2014
4160,4028
4162,2014
4165,2014
4166,2014
4168,2014
4171,2014
4173,4028
4174,2014
418,2014
4184,2014
4191,2014
4194,4028
4196,2014
4197,2014
4198,2014
4199,2014
42,2014
4210,2014
4212,2014
4213,2014
4214,2014
4216,2014
4217,2014
4218,2014
4220,2014
4223,2014
4224,2014
4228,2014
4235,2014
4237,2014
4240,2014
4241,2014
4245,2014
4246,2014
4248,2014
4253,2014
4255,2014
4256,2014
4259,2014
426,2014
4262,4028
4269,4028
4273,2014
4274,2014
4275,4028
4280,2014
4282,2014
4287,2014
4288,2014
4298,2014
4299,2014
4300,4028
4301,2014
4303,2014
4304,2014
4305,2014
4310,2014
4312,2014
4313,2014
4325,2014
4328,2014
4330,2014
4335,2014
4336,2014
4339,2014
4347,2014
4348,4028
4352,2014
4354,2014
4357,2014
4359,2014
4361,2014
4362,2014
4367,2014
4370,2014
4373,2014
4374,2014
4376,2014
4379,2014
4385,2014
4387,2014
439041,4028
4391,2014
4395,2014
4396,2014
4398,2014
4399,4028
44,4028
4400,4028
4402,2014
4407,2014
4409,4028
4410,4028
4416,2014
4417,2014
4423,4028
4424,2014
4431,2014
4437,2014
4439,2014
4441,2014
4444,2014
4446,2014
4447,4028
4448,2014
4449,2014
4450,2014
4453,2014
4454,2014
4465,2014
4466,4028
4467,2014
4469,2014
4477,2014
4478,2014
4479,2014
4494,2014
4496,6042
4498,2014
45,4028
4503,2014
4504,2014
4509,2014
4510,4028
4516,2014
4517,2014
4518,2014
452,2014
4520,2014
4521,2014
4523,2014
4525,2014
4529,2014
4530,2014
4532,2014
4534,2014
4535,2014
4536,2014
454,2014
4541,2014
4546,2014
4547,2014
4549,2014
4550,2014
4552,2014
4554,2014
4555,2014
4557,4028
4558,2014
4563,2014
4567,2014
4569,2014
4579,2014
4582,2014
4586,2014
4590,2014
4594,2014
4599,2014
46,2014
4601,2014
4608,2014
4612,4028
4622,2014
4624,2014
4633,2014
4635,2014
4638,2014
4640,2014
4642,2014
4647,2014
4648,2014
465,2014
4651,2014
4654,2014
4656,4028
4658,2014
4659,2014
4661,2014
4668,2014
4670,2014
4671,2014
4674,4028
4676,2014
4679,4028
4683,2014
4685,4028
4686,2014
4689,2014
4690,2014
4694,2014
4695,4028
4697,2014
4700,2014
4718,2014
4722,2014
4723,2014
4734,2014
4738,2014
4740,2014
4744,2014
4745,4028
4746,2014
4748,2014
475,2014
4756,2014
4760,2014
4761,4028
4762,2014
4765,2014
4769,2014
4771,4028
4773,6042
4774,2014
4777,2014
4784,4028
4790,2014
4791,6042
4801,2014
4805,2014
4808,2014
4811,2014
4812,2014
4819,2014
4830,2014
4834,2014
4841,2014
4847,2014
4848,4028
4851,2014
4853,2014
4854,2014
4865,2014
4866,2014
4867,2014
4870,4028
4871,4028
4873,2014
4875,2014
4878,2014
4881,4028
4882,2014
4885,2014
4888,2014
4891,2014
4893,2014
4896,2014
4897,2014
49,2014
4903,2014
4905,6042
4906,4028
4907,2014
4909,6042
4910,2014
4911,2014
4912,2014
4917,2014
492,2014
4920,2014
4925,4028
4928,2014
4933,8056
4935,2014
4939,4028
4940,2014
4942,4028
4946,4028
495,2014
4953,4028
4955,4028
4956,2014
4964,2014
4977,2014
498,4028
4985,2014
4986,2014
499,4028
4993,2014
4995,2014
4998,2014
4999,2014
5001,2014
5003,2014
5006,2014
5013,2014
5017,4028
5027,2014
5029,2014
5031,2014
5033,4028
5037,2014
5038,2014
5039,2014
5040,2014
5047,2014
5048,4028
5049,2014
505,2014
5050,2014
5053,4028
5055,2014
5058,2014
5060,2014
5061,4028
5063,2014
5069,2014
5071,2014
5072,4028
5074,2014
5076,2014
5077,2014
5092,2014
5093,2014
5097,2014
5098,2014
5102,2014
5104,2014
5107,6042
5110,2014
5113,2014
5114,2014
5116,2014
5121,2014
5124,2014
5125,2014
5129,2014
5130,2014
5131,2014
5133,2014
5138,2014
514,4028
5143,2014
5147,2014
5156,2014
5158,2014
5159,2014
5164,2014
5168,4028
5172,2014
5173,2014
5175,2014
5180,2014
5189,2014
5192,2014
5196,2014
5197,2014
52,2014
520116,4028
5202,2014
5205,2014
5212,2014
5217,4028
5219,2014
5222,2014
5224,2014
5227,2014
5228,2014
5236,2014
5242,4028
5258,2014
5259,2014
5261,2014
5263,2014
5264,2014
5265,2014
5269,2014
5270,2014
5274,2014
5277,2014
5279,2014
5280,4028
5282,4028
5284,2014
5287,2014
5295,2014
5299,2014
5304,2014
5305,2014
5314,2014
5327,2014
5331,2014
5332,2014
534,2014
5341,4028
5346,2014
5351,2014
5354,2014
5366,2014
5372,2014
5377,2014
5380,2014
5386,2014
5388,2014
539,2014
5397,2014
5408,2014
5409,2014
5414,2014
5415,2014
5418,2014
5425,2014
5430,2014
5436,2014
5437,2014
5445,2014
5447,4028
5448,2014
5449,2014
5450,2014
5451,2014
5458,2014
5463,2014
5465,2014
5466,2014
547,2014
5474,2014
5475,2014
5476,2014
5478,2014
5480,2014
5482,2014
5483,2014
5485,2014
549,2014
5493,2014
5505,2014
5512,2014
5525,2014
5527,2014
5531,2014
5537,6042
5539,2014
5544,2014
5546,2014
5553,2014
5557,2014
5558,2014
5561,2014
557,2014
5571,2014
5579,4028
5595,2014
5604,2014
5608,2014
5614,2014
5617,2014
5619,2014
562,4028
5620,2014
5624,2014
5630,2014
5633,2014
5636,4028
5639,2014
5641,2014
5643,2014
5644,2014
5647,2014
5651,2014
5654,2014
5656,2014
5658,2014
5659,4028
5666,2014
5678,2014
5682,2014
5683,2014
5688,2014
5696,2014
5701,2014
5706,2014
571,2014
5712,2014
5715,2014
5716,4028
5719,2014
5722,2014
5724,2014
5736,2014
575,2014
5753,2014
5757,2014
5762,2014
5770,2014
5771,2014
578,2014
5789,2014
58,2014
5803,2014
5805,2014
5807,6042
5816,4028
5819,2014
5823,2014
5825,4028
5827,2014
5829,2014
5832,4028
5837,2014
5839,2014
5842,2014
5847,2014
5849,2014
5850,2014
5858,2014
5864,2014
5866,2014
5873,2014
5874,2014
5876,2014
5882,2014
5891,4028
5893,4028
5898,2014
5902,2014
5903,4028
5912,2014
5913,2014
5914,2014
5915,2014
5917,2014
5924,2014
5926,2014
5932,2014
5937,2014
5943,2014
5947,2014
5949,2014
5950,2014
5956,2014
5961,2014
5967,2014
5975,2014
5978,2014
5980,2014
5988,2014
5990,2014
5995,2014
5998,2014
6,4028
6011,2014
6023,2014
6026,4028
6029,2014
603,2014
6033,2014
6044,2014
6057,4028
6059,2014
6061,2014
6076,2014
6086,2014
6088,2014
6092,2014
6099,2014
61,2014
6102,2014
6104,2014
6106,2014
6113,2014
6114,2014
6117,2014
6118,2014
612,2014
6128,2014
6131,2014
6137,2014
6150,2014
6153,2014
6170,2014
6173,2014
6174,2014
6179,2014
6197,2014
6202,2014
6208,2014
621,2014
6211,2014
6212,4028
6215,2014
6218,2014
6224,2014
6229,2014
623,2014
6232,2014
6240,2014
6246,2014
625,2014
6254,2014
6259,2014
6278,2014
6282,2014
6286,2014
6295,2014
6298,4028
6301,2014
6304,2014
6306,2014
631,2014
6313,2014
6316,2014
6326,2014
6333,2014
6341,2014
6343,2014
6346,2014
6355,2014
6356,2014
6364,2014
6366,2014
6376,2014
6397,2014
6404,2014
6416,2014
6421,2014
6424,2014
6427,2014
6432,2014
6437,2014
644,2014
6442,2014
6454,2014
6458,2014
6459,2014
6464,2014
6485,2014
6487,2014
6488,2014
6489,2014
6514,2014
6516,2014
6520,2014
6524,2014
6526,2014
6534,4028
6537,2014
6539,2014
6540,2014
6544,2014
6546,2014
6551,2014
6556,2014
6564,2014
6567,2014
6568,2014
6572,2014
6578,2014
6585,2014
6589,2014
6595,4028
6604,2014
661,2014
6611,2014
6612,4028
6620,2014
6628,2014
6630,2014
6650,2014
667,2014
6674,2014
6676,2014
669,2014
6699,2014
6707,2014
672,2014
6725,4028
67263,4028
6736,2014
6740,2014
6752,2014
6754,2014
6764,2014
6775,2014
6799,2014
6805,2014
6807,2014
682,2014
6823,2014
6832,2014
684,4028
6843,2014
6861,2014
6870,2014
6905,2014
6909,2014
69135,4028
6922,2014
6931,2014
6935,2014
6958,2014
6959,2014
6974,2014
69797,4028
6988,2014
699,2014
7,2014
70,2014
7005,2014
7006,2014
7012,2014
7023,2014
7031,2014
7053,2014
7055,2014
7063,2014
707,2014
7074,2014
7077,2014
7080,2014
7083,2014
7088,2014
7094,2014
7104,2014
7105,2014
7111,2014
7120,2014
7123,2014
7126,2014
7131,2014
7133,2014
7141,2014
7166,2014
7190,2014
7214,2014
7227,2014
7229,2014
7249,2014
7257,2014
7259,2014
7264,2014
7279,2014
7287,2014
730,2014
7305,2014
732,2014
7323,2014
7325,2014
73580,4028
73812,4028
7386,2014
7393,2014
74,2014
7413,2014
7424,2014
7445,2014
7449,2014
7467,2014
7474,2014
7478,2014
74799,4028
75,4028
750,2014
7512,2014
7532,2014
75390,4028
7565,2014
758,2014
760,2014
76238,4028
7634,2014
7635,2014
7641,2014
7643,2014
7659,2014
76616,4028
7720,2014
7730,2014
7747,2014
777,2014
77983,4028
78,2014
7828,2014
7839,2014
788,2014
7922,2014
7935,2014
7944,2014
8,2014
80,2014
8000,2014
8007,2014
8017,2014
805,2014
80530,4028
8071,2014
8085,2014
81,2014
811,2014
815,2014
8153,2014
8155,2014
81619,4028
8217,2014
822,2014
8260,2014
8290,2014
83089,4028
83301,4028
834,2014
8368,2014
8369,2014
8470,2014
8540,2014
86,2014
860,2014
86187,4028
86209,4028
8631,2014
864,2014
869,2014
8725,4028
8735,2014
8774,2014
878,2014
88,2014
881,4028
8814,2014
8845,2014
8876,2014
896,2014
8998,2014
9,4028
90468,4028
9068,2014
907,2014
9082,2014
9107,2014
9135,2014
915,2014
91714,4028
92,2014
9273,2014
928,2014
9289,2014
93,2014
93064,4028
931,2014
9314,2014
937,2014
940,2014
9401,2014
9463,2014
9464,2014
947,2014
9470,2014
952,2014
9584,2014
965,2014
9670,2014
968,2014
987,2014
99,2014
Annual Checkup,4376422
Arthritis,4376422
Binge Drinking,4376422
COPD,4376422
Cancer (except skin),4376422
Cholesterol Screening,4374249
Chronic Kidney Disease,4376422
Coronary Heart Disease,4376422
Current Asthma,4378436
Current Smoking,4378436
Dental Visit,4376422
Diabetes,4376422
Health Insurance,4366352
High Blood Pressure,4374249
High Cholesterol,4374249
Mammography,4326072
Mental Health,4376422
Obesity,4376422
PREVENT,8636032
Pap Smear Test,4356282
Physical Activity,4376422
Physical Health,4376422
Short_Question_Text,\N
Sleep,4376422
Stroke,4376422
Taking BP Medication,4374249
Teeth Loss,4277736
